# Created by Octave 4.2.2, Mon Nov 19 21:35:04 2018 EST <sethu@robespierre>
# name: z
# type: matrix
# rows: 1200
# columns: 1
 0
 0.02356190614409673
 0.04712357974169213
 0.07068478824858004
 0.09424529912514455
 0.1178048798386551
 0.1413632978655613
 0.1649203206937883
 0.1884757158250311
 0.2120292507770494
 0.2355806930859622
 0.259129810308542
 0.2826763700245091
 0.306220139838825
 0.3297608873839868
 0.35329838032232
 0.3768323863482717
 0.4003626731907036
 0.423889008615184
 0.4474111604262803
 0.4709288964698503
 0.4944419846353339
 0.5179501928580434
 0.5414532891214544
 0.5649510414594954
 0.588443217958837
 0.6119295867611816
 0.6354099160655509
 0.6588839741305739
 0.6823515292767744
 0.7058123498888574
 0.7292662044179949
 0.7527128613841118
 0.7761520893781689
 0.7995836570644493
 0.8230073331828395
 0.8464228865511126
 0.8698300860672102
 0.893228700711523
 0.9166184995491709
 0.9399992517322819
 0.9633707265022715
 0.9867326931921188
 1.010084921228644
 1.033427180134786
 1.05675923953187
 1.080080869141891
 1.10339183878978
 1.126691918405678
 1.149980878027205
 1.173258487801732
 1.196524517988647
 1.219778738961627
 1.243020921210898
 1.266250835345504
 1.289468252095572
 1.31267294231457
 1.335864676981576
 1.35904322720353
 1.3822083642175
 1.405359859392935
 1.428497484233924
 1.451621010381452
 1.47473020961565
 1.497824853858053
 1.520904715173844
 1.54396956577411
 1.567019178018088
 1.59005332441541
 1.61307177762835
 1.636074310474069
 1.659060695926853
 1.682030707120359
 1.704984117349848
 1.727920700074429
 1.750840228919291
 1.773742477677935
 1.796627220314414
 1.819494230965556
 1.842343283943197
 1.865174153736411
 1.887986615013728
 1.910780442625366
 1.933555411605449
 1.956311297174227
 1.979047874740296
 2.001764919902817
 2.024462208453723
 2.047139516379939
 2.069796619865593
 2.09243329529422
 2.115049319250971
 2.137644468524821
 2.160218520110769
 2.182771251212039
 2.20530243924228
 2.227811861827762
 2.250299296809572
 2.272764522245804
 2.295207316413756
 2.317627457812105
 2.340024725163111
 2.362398897414786
 2.384749753743082
 2.407077073554071
 2.42938063648612
 2.451660222412068
 2.473915611441396
 2.4961465839224
 2.518352920444355
 2.540534401839686
 2.562690809186125
 2.584821923808878
 2.606927527282778
 2.629007401434443
 2.651061328344428
 2.67308909034938
 2.69509047004418
 2.717065250284093
 2.739013214186909
 2.760934145135085
 2.782827826777883
 2.804694043033503
 2.82653257809122
 2.848343216413508
 2.870125742738173
 2.891879942080474
 2.913605599735245
 2.935302501279018
 2.956970432572132
 2.978609179760855
 3.000218529279486
 3.02179826785247
 3.0433481824965
 3.064868060522618
 3.086357689538316
 3.107816857449631
 3.12924535246324
 3.150642963088547
 3.172009478139775
 3.193344686738045
 3.214648378313463
 3.235920342607192
 3.257160369673535
 3.278368249881996
 3.299543773919364
 3.320686732791761
 3.341796917826722
 3.362874120675242
 3.383918133313838
 3.404928748046601
 3.425905757507246
 3.446848954661159
 3.467758132807439
 3.488633085580938
 3.5094736069543
 3.530279491239994
 3.551050533092341
 3.571786527509544
 3.592487269835708
 3.613152555762865
 3.633782181332985
 3.654375942939992
 3.674933637331774
 3.695455061612187
 3.715940013243057
 3.736388290046181
 3.756799690205324
 3.777174012268206
 3.797511055148494
 3.817810618127785
 3.838072500857587
 3.858296503361298
 3.878482426036179
 3.898630069655322
 3.918739235369616
 3.938809724709718
 3.958841339587998
 3.978833882300505
 3.998787155528914
 4.018700962342475
 4.038575106199952
 4.058409390951569
 4.078203620840943
 4.097957600507018
 4.117671134985988
 4.137344029713227
 4.156976090525205
 4.176567123661409
 4.196116935766253
 4.215625333890979
 4.235092125495578
 4.254517118450674
 4.273900121039429
 4.293240941959431
 4.31253939032459
 4.331795275667007
 4.35100840793887
 4.370178597514321
 4.389305655191326
 4.408389392193548
 4.427429620172209
 4.446426151207945
 4.465378797812662
 4.484287372931391
 4.50315168994413
 4.521971562667686
 4.540746805357511
 4.559477232709541
 4.578162659862019
 4.596802902397323
 4.615397776343786
 4.633947098177507
 4.65245068482417
 4.670908353660844
 4.689319922517789
 4.707685209680254
 4.726004033890268
 4.744276214348433
 4.762501570715705
 4.780679923115173
 4.798811092133838
 4.816894898824383
 4.834931164706935
 4.852919711770832
 4.870860362476377
 4.888752939756591
 4.906597267018959
 4.924393168147174
 4.942140467502877
 4.959838989927388
 4.977488560743438
 4.995089005756888
 5.012640151258448
 5.0301418240254
 5.0475938513233
 5.064996060907683
 5.082348281025768
 5.099650340418144
 5.116902068320473
 5.134103294465166
 5.151253849083062
 5.168353562905113
 5.185402267164048
 5.202399793596038
 5.219345974442358
 5.236240642451045
 5.253083630878548
 5.269874773491369
 5.286613904567711
 5.303300858899106
 5.319935471792054
 5.33651757906964
 5.35304701707316
 5.369523622663733
 5.385947233223916
 5.402317686659302
 5.418634821400124
 5.43489847640285
 5.451108491151771
 5.467264705660587
 5.483366960473981
 5.499415096669201
 5.515408955857619
 5.531348380186304
 5.547233212339573
 5.563063295540544
 5.578838473552688
 5.594558590681366
 5.610223491775368
 5.625833022228447
 5.641387027980835
 5.656885355520778
 5.67232785188604
 5.687714364665414
 5.703044742000232
 5.718318832585859
 5.733536485673188
 5.748697551070124
 5.763801879143076
 5.778849320818419
 5.793839727583983
 5.808772951490504
 5.823648845153089
 5.838467261752676
 5.853228055037473
 5.867931079324411
 5.882576189500576
 5.897163241024642
 5.911692089928301
 5.926162592817678
 5.940574606874753
 5.954927989858764
 5.969222600107619
 5.983458296539283
 5.99763493865318
 6.011752386531574
 6.025810500840957
 6.039809142833415
 6.053748174348002
 6.067627457812106
 6.081446856242801
 6.095206233248205
 6.108905453028821
 6.12254438037888
 6.136122880687676
 6.149640819940893
 6.163098064721927
 6.176494482213206
 6.189829940197497
 6.203104307059213
 6.216317451785714
 6.229469243968595
 6.242559553804975
 6.255588252098783
 6.268555210262027
 6.281460300316064
 6.294303394892863
 6.307084367236268
 6.319803091203243
 6.332459441265113
 6.345053292508816
 6.357584520638124
 6.370053001974874
 6.382458613460189
 6.394801232655691
 6.407080737744714
 6.419297007533498
 6.431449921452392
 6.443539359557043
 6.455565202529577
 6.46752733167978
 6.479425628946265
 6.491259976897641
 6.503030258733675
 6.514736358286434
 6.526378160021443
 6.537955549038816
 6.549468411074401
 6.560916632500896
 6.572300100328976
 6.583618702208413
 6.594872326429171
 6.606060861922527
 6.61718419826215
 6.628242225665201
 6.639234834993414
 6.650161917754174
 6.661023366101585
 6.671819072837534
 6.682548931412758
 6.693212835927884
 6.703810681134478
 6.714342362436088
 6.724807775889269
 6.735206818204618
 6.745539386747783
 6.755805379540486
 6.766004695261521
 6.776137233247761
 6.786202893495147
 6.796201576659675
 6.806133184058377
 6.815997617670301
 6.825794780137469
 6.83552457476584
 6.845186905526271
 6.854781677055459
 6.864308794656882
 6.873768164301735
 6.883159692629858
 6.89248328695066
 6.901738855244028
 6.910926306161238
 6.920045549025861
 6.929096493834651
 6.938079051258435
 6.946993132643
 6.95583865000996
 6.96461551605763
 6.973323644161886
 6.981962948377018
 6.990533343436582
 6.999034744754239
 7.007467068424591
 7.015830231224006
 7.024124150611443
 7.032348744729267
 7.040503932404055
 7.048589633147398
 7.056605767156691
 7.06455225531593
 7.072429019196483
 7.080235981057873
 7.087973063848536
 7.09564019120659
 7.103237287460582
 7.11076427763024
 7.11822108742721
 7.125607643255788
 7.132923872213651
 7.140169702092575
 7.147345061379141
 7.154449879255452
 7.161484085599822
 7.168447610987476
 7.175340386691229
 7.182162344682166
 7.188913417630319
 7.195593538905322
 7.202202642577073
 7.208740663416389
 7.215207536895645
 7.221603199189407
 7.227927587175073
 7.234180638433486
 7.240362291249554
 7.24647248461286
 7.252511158218263
 7.258478252466491
 7.264373708464733
 7.270197468027219
 7.275949473675794
 7.281629668640482
 7.287237996860054
 7.292774402982574
 7.298238832365949
 7.303631231078467
 7.308951545899329
 7.314199724319176
 7.319375714540605
 7.324479465478684
 7.329510926761451
 7.334470048730414
 7.33935678244104
 7.344171079663243
 7.348912892881851
 7.353582175297083
 7.358178880825005
 7.362702964097992
 7.367154380465165
 7.371533085992843
 7.375839037464972
 7.380072192383548
 7.38423250896904
 7.388319946160805
 7.392334463617486
 7.396276021717417
 7.40014458155901
 7.403940104961144
 7.407662554463533
 7.411311893327104
 7.414888085534355
 7.418391095789714
 7.421820889519882
 7.425177432874182
 7.428460692724884
 7.43167063666754
 7.434807233021299
 7.437870450829222
 7.440860259858584
 7.443776630601178
 7.446619534273602
 7.449388942817546
 7.452084828900063
 7.454707165913848
 7.457255927977492
 7.459731089935742
 7.462132627359751
 7.464460516547312
 7.4667147345231
 7.468895259038892
 7.471002068573794
 7.473035142334443
 7.474994460255224
 7.47688000299846
 7.478691751954605
 7.480429689242428
 7.482093797709189
 7.483684060930811
 7.485200463212037
 7.486642989586588
 7.488011625817313
 7.489306358396322
 7.490527174545131
 7.491674062214775
 7.492747010085935
 7.493746007569051
 7.494671044804419
 7.495522112662297
 7.496299202742987
 7.497002307376924
 7.497631419624749
 7.49818653327738
 7.498667642856067
 7.499074743612455
 7.499407831528621
 7.499666903317124
 7.499851956421028
 7.499962989013937
 7.5
 7.499962989013937
 7.499851956421028
 7.499666903317124
 7.499407831528621
 7.499074743612455
 7.498667642856067
 7.49818653327738
 7.497631419624749
 7.497002307376924
 7.496299202742987
 7.495522112662297
 7.494671044804419
 7.493746007569051
 7.492747010085935
 7.491674062214775
 7.490527174545131
 7.489306358396323
 7.488011625817313
 7.486642989586588
 7.485200463212037
 7.483684060930811
 7.482093797709189
 7.480429689242428
 7.478691751954605
 7.47688000299846
 7.474994460255224
 7.473035142334443
 7.471002068573794
 7.468895259038892
 7.4667147345231
 7.464460516547312
 7.462132627359751
 7.459731089935742
 7.457255927977492
 7.454707165913848
 7.452084828900063
 7.449388942817546
 7.446619534273602
 7.443776630601178
 7.440860259858583
 7.437870450829221
 7.434807233021299
 7.43167063666754
 7.428460692724884
 7.425177432874182
 7.421820889519882
 7.418391095789714
 7.414888085534354
 7.411311893327103
 7.407662554463533
 7.403940104961143
 7.40014458155901
 7.396276021717417
 7.392334463617486
 7.388319946160804
 7.38423250896904
 7.380072192383548
 7.375839037464972
 7.371533085992843
 7.367154380465165
 7.362702964097992
 7.358178880825005
 7.353582175297083
 7.348912892881851
 7.344171079663243
 7.33935678244104
 7.334470048730414
 7.329510926761451
 7.324479465478684
 7.319375714540605
 7.314199724319176
 7.308951545899329
 7.303631231078467
 7.298238832365949
 7.292774402982575
 7.287237996860055
 7.281629668640482
 7.275949473675793
 7.270197468027219
 7.264373708464733
 7.258478252466491
 7.252511158218263
 7.24647248461286
 7.240362291249554
 7.234180638433486
 7.227927587175073
 7.221603199189407
 7.215207536895645
 7.208740663416389
 7.202202642577073
 7.195593538905321
 7.18891341763032
 7.182162344682166
 7.175340386691229
 7.168447610987476
 7.161484085599822
 7.154449879255452
 7.14734506137914
 7.140169702092575
 7.132923872213651
 7.125607643255788
 7.11822108742721
 7.11076427763024
 7.103237287460582
 7.09564019120659
 7.087973063848536
 7.080235981057872
 7.072429019196483
 7.06455225531593
 7.056605767156691
 7.048589633147397
 7.040503932404055
 7.032348744729267
 7.024124150611442
 7.015830231224005
 7.007467068424591
 6.99903474475424
 6.990533343436582
 6.981962948377018
 6.973323644161885
 6.96461551605763
 6.95583865000996
 6.946993132643
 6.938079051258435
 6.929096493834651
 6.920045549025861
 6.910926306161238
 6.901738855244028
 6.89248328695066
 6.883159692629858
 6.873768164301734
 6.864308794656882
 6.854781677055459
 6.845186905526272
 6.83552457476584
 6.825794780137468
 6.8159976176703
 6.806133184058377
 6.796201576659675
 6.786202893495146
 6.776137233247761
 6.76600469526152
 6.755805379540486
 6.745539386747782
 6.735206818204618
 6.724807775889269
 6.714342362436088
 6.703810681134479
 6.693212835927884
 6.682548931412759
 6.671819072837534
 6.661023366101585
 6.650161917754173
 6.639234834993414
 6.628242225665201
 6.61718419826215
 6.606060861922527
 6.594872326429171
 6.583618702208413
 6.572300100328976
 6.560916632500896
 6.5494684110744
 6.537955549038816
 6.526378160021443
 6.514736358286434
 6.503030258733676
 6.491259976897641
 6.479425628946266
 6.467527331679779
 6.455565202529577
 6.443539359557041
 6.431449921452391
 6.419297007533499
 6.407080737744714
 6.394801232655692
 6.382458613460188
 6.370053001974874
 6.357584520638124
 6.345053292508816
 6.332459441265114
 6.319803091203242
 6.307084367236269
 6.294303394892863
 6.281460300316064
 6.268555210262027
 6.255588252098784
 6.242559553804974
 6.229469243968595
 6.216317451785715
 6.203104307059213
 6.189829940197498
 6.176494482213205
 6.163098064721927
 6.149640819940892
 6.136122880687676
 6.122544380378879
 6.108905453028821
 6.095206233248206
 6.081446856242801
 6.067627457812106
 6.053748174348001
 6.039809142833415
 6.025810500840956
 6.011752386531574
 5.997634938653178
 5.983458296539283
 5.96922260010762
 5.954927989858764
 5.940574606874753
 5.926162592817677
 5.911692089928301
 5.897163241024641
 5.882576189500575
 5.867931079324411
 5.853228055037473
 5.838467261752676
 5.823648845153088
 5.808772951490504
 5.793839727583983
 5.778849320818419
 5.763801879143074
 5.748697551070124
 5.733536485673188
 5.718318832585858
 5.703044742000233
 5.687714364665413
 5.67232785188604
 5.656885355520777
 5.641387027980835
 5.625833022228445
 5.610223491775368
 5.594558590681366
 5.578838473552688
 5.563063295540544
 5.547233212339572
 5.531348380186304
 5.515408955857618
 5.4994150966692
 5.483366960473981
 5.467264705660586
 5.451108491151771
 5.434898476402849
 5.418634821400124
 5.4023176866593
 5.385947233223916
 5.369523622663732
 5.35304701707316
 5.336517579069641
 5.319935471792054
 5.303300858899107
 5.28661390456771
 5.269874773491369
 5.253083630878547
 5.236240642451045
 5.219345974442356
 5.202399793596037
 5.185402267164048
 5.168353562905112
 5.151253849083062
 5.134103294465164
 5.116902068320473
 5.099650340418142
 5.082348281025767
 5.064996060907684
 5.0475938513233
 5.030141824025401
 5.012640151258447
 4.995089005756888
 4.977488560743438
 4.959838989927388
 4.942140467502876
 4.924393168147173
 4.906597267018959
 4.88875293975659
 4.870860362476378
 4.852919711770832
 4.834931164706935
 4.816894898824382
 4.798811092133838
 4.780679923115171
 4.762501570715704
 4.744276214348434
 4.726004033890268
 4.707685209680254
 4.689319922517788
 4.670908353660844
 4.652450684824169
 4.633947098177507
 4.615397776343787
 4.596802902397322
 4.578162659862019
 4.55947723270954
 4.540746805357511
 4.521971562667685
 4.50315168994413
 4.484287372931391
 4.465378797812662
 4.446426151207945
 4.427429620172209
 4.408389392193549
 4.389305655191325
 4.370178597514321
 4.351008407938869
 4.331795275667007
 4.312539390324588
 4.29324094195943
 4.273900121039429
 4.254517118450673
 4.235092125495578
 4.215625333890978
 4.196116935766253
 4.176567123661409
 4.156976090525205
 4.137344029713224
 4.117671134985987
 4.097957600507019
 4.078203620840943
 4.058409390951569
 4.03857510619995
 4.018700962342475
 3.998787155528913
 3.978833882300505
 3.958841339587999
 3.938809724709717
 3.918739235369617
 3.89863006965532
 3.878482426036179
 3.858296503361297
 3.838072500857587
 3.817810618127783
 3.797511055148494
 3.777174012268207
 3.756799690205324
 3.736388290046182
 3.715940013243055
 3.695455061612187
 3.674933637331773
 3.654375942939992
 3.633782181332983
 3.613152555762864
 3.592487269835708
 3.571786527509543
 3.551050533092342
 3.530279491239993
 3.5094736069543
 3.488633085580936
 3.467758132807438
 3.44684895466116
 3.425905757507246
 3.404928748046602
 3.383918133313837
 3.362874120675242
 3.341796917826721
 3.320686732791762
 3.299543773919362
 3.278368249881996
 3.257160369673536
 3.235920342607192
 3.214648378313463
 3.193344686738044
 3.172009478139775
 3.150642963088546
 3.12924535246324
 3.107816857449629
 3.086357689538315
 3.064868060522619
 3.043348182496499
 3.02179826785247
 3.000218529279485
 2.978609179760855
 2.956970432572131
 2.935302501279018
 2.913605599735247
 2.891879942080473
 2.870125742738174
 2.848343216413507
 2.82653257809122
 2.804694043033502
 2.782827826777883
 2.760934145135083
 2.739013214186908
 2.717065250284093
 2.69509047004418
 2.673089090349381
 2.651061328344428
 2.629007401434443
 2.606927527282776
 2.584821923808878
 2.562690809186123
 2.540534401839685
 2.518352920444356
 2.496146583922399
 2.473915611441397
 2.451660222412067
 2.429380636486121
 2.40707707355407
 2.384749753743082
 2.362398897414784
 2.340024725163111
 2.317627457812106
 2.295207316413754
 2.272764522245805
 2.250299296809571
 2.227811861827762
 2.205302439242278
 2.182771251212038
 2.16021852011077
 2.137644468524821
 2.115049319250971
 2.092433295294218
 2.069796619865593
 2.047139516379938
 2.024462208453722
 2.001764919902814
 1.979047874740296
 1.956311297174228
 1.933555411605448
 1.910780442625367
 1.887986615013727
 1.865174153736411
 1.842343283943196
 1.819494230965556
 1.796627220314412
 1.773742477677934
 1.750840228919291
 1.727920700074428
 1.704984117349849
 1.682030707120358
 1.659060695926853
 1.636074310474067
 1.61307177762835
 1.590053324415411
 1.567019178018087
 1.543969565774111
 1.520904715173842
 1.497824853858053
 1.474730209615649
 1.451621010381452
 1.428497484233922
 1.405359859392934
 1.382208364217501
 1.359043227203529
 1.335864676981577
 1.312672942314569
 1.289468252095572
 1.266250835345502
 1.243020921210898
 1.219778738961625
 1.196524517988647
 1.173258487801732
 1.149980878027204
 1.126691918405678
 1.103391838789779
 1.080080869141891
 1.056759239531868
 1.033427180134785
 1.010084921228646
 0.986732693192118
 0.9633707265022721
 0.9399992517322807
 0.9166184995491712
 0.8932287007115215
 0.8698300860672102
 0.8464228865511108
 0.8230073331828391
 0.7995836570644503
 0.7761520893781682
 0.7527128613841123
 0.7292662044179937
 0.7058123498888577
 0.6823515292767728
 0.6588839741305736
 0.6354099160655489
 0.611929586761181
 0.588443217958838
 0.5649510414594945
 0.541453289121455
 0.5179501928580421
 0.494441984635334
 0.4709288964698485
 0.4474111604262799
 0.4238890086151818
 0.4003626731907028
 0.3768323863482724
 0.3532983803223189
 0.3297608873839871
 0.3062201398388235
 0.282676370024509
 0.2591298103085401
 0.2355806930859618
 0.2120292507770504
 0.1884757158250303
 0.164920320693789
 0.1413632978655601
 0.1178048798386553
 0.09424529912514294
 0.07068478824857991
 0.04712357974169012
 0.02356190614409618
 -1
 -1
 -1
 -1
 -1
 -1
 -1
 -1
 -1
 -1
 -1
 -1
 -1
 -1
 -1
 -1
 -1
 -1
 -1
 -1
 -1
 -1
 -1
 -1
 -1
 -1
 -1
 -1
 -1
 -1
 -1
 -1
 -1
 -1
 -1
 -1
 -1
 -1
 -1
 -1
 -1
 -1
 -1
 -1
 -1
 -1
 -1
 -1
 -1
 -1
 -1
 -1
 -1
 -1
 -1
 -1
 -1
 -1
 -1
 -1
 -1
 -1
 -1
 -1
 -1
 -1
 -1
 -1
 -1
 -1
 -1
 -1
 -1
 -1
 -1
 -1
 -1
 -1
 -1
 -1
 -1
 -1
 -1
 -1
 -1
 -1
 -1
 -1
 -1
 -1
 -1
 -1
 -1
 -1
 -1
 -1
 -1
 -1
 -1
 -1
 -1
 -1
 -1
 -1
 -1
 -1
 -1
 -1
 -1
 -1
 -1
 -1
 -1
 -1
 -1
 -1
 -1
 -1
 -1
 -1
 -1
 -1
 -1
 -1
 -1
 -1
 -1
 -1
 -1
 -1
 -1
 -1
 -1
 -1
 -1
 -1
 -1
 -1
 -1
 -1
 -1
 -1
 -1
 -1
 -1
 -1
 -1
 -1
 -1
 -1
 -1
 -1
 -1
 -1
 -1
 -1
 -1
 -1
 -1
 -1
 -1
 -1
 -1
 -1
 -1
 -1
 -1
 -1
 -1
 -1
 -1
 -1
 -1
 -1
 -1
 -1
 -1
 -1
 -1
 -1
 -1
 -1
 -1
 -1
 -1
 -1
 -1
 -1
 -1
 -1
 -1
 -1
 -1
 -1
 -1
 -1
 -1
 -1
 -1
 -1


