 0
 0.6279051952931337
 1.253332335643043
 1.873813145857246
 2.486898871648548
 3.090169943749474
 3.681245526846779
 4.257792915650727
 4.817536741017153
 5.358267949789966
 5.877852522924732
 6.374239897486897
 6.845471059286886
 7.289686274214116
 7.705132427757892
 8.090169943749475
 8.443279255020151
 8.763066800438637
 9.048270524660197
 9.297764858882514
 9.510565162951535
 9.685831611286311
 9.822872507286887
 9.921147013144779
 9.980267284282716
 10
 9.980267284282716
 9.921147013144777
 9.822872507286887
 9.685831611286313
 9.510565162951535
 9.297764858882513
 9.048270524660195
 8.763066800438635
 8.443279255020151
 8.090169943749475
 7.705132427757892
 7.289686274214114
 6.845471059286885
 6.374239897486898
 5.877852522924733
 5.358267949789962
 4.817536741017152
 4.257792915650725
 3.681245526846777
 3.090169943749475
 2.486898871648548
 1.873813145857246
 1.253332335643045
 0.6279051952931358
 1.224646799147353e-15
 -0.6279051952931378
 -1.253332335643043
 -1.873813145857248
 -2.48689887164855
 -3.090169943749473
 -3.681245526846779
 -4.257792915650727
 -4.81753674101715
 -5.358267949789965
 -5.877852522924734
 -6.3742398974869
 -6.845471059286887
 -7.289686274214116
 -7.705132427757894
 -8.090169943749473
 -8.443279255020153
 -8.763066800438637
 -9.048270524660193
 -9.297764858882514
 -9.510565162951535
 -9.685831611286313
 -9.822872507286887
 -9.921147013144777
 -9.980267284282716
 -10
 -9.980267284282716
 -9.921147013144779
 -9.822872507286887
 -9.685831611286311
 -9.510565162951536
 -9.297764858882516
 -9.048270524660191
 -8.763066800438633
 -8.443279255020149
 -8.090169943749469
 -7.70513242775789
 -7.289686274214116
 -6.845471059286883
 -6.374239897486897
 -5.877852522924734
 -5.358267949789964
 -4.817536741017153
 -4.25779291565073
 -3.681245526846779
 -3.090169943749476
 -2.486898871648553
 -1.873813145857247
 -1.253332335643047
 -0.6279051952931326


