 0
 0.2355806930859622
 0.4709288964698503
 0.7058123498888573
 0.9399992517322819
 1.173258487801732
 1.405359859392934
 1.636074310474069
 1.865174153736411
 2.09243329529422
 2.317627457812105
 2.540534401839686
 2.760934145135084
 2.978609179760855
 3.193344686738045
 3.404928748046601
 3.613152555762865
 3.817810618127785
 4.018700962342475
 4.215625333890979
 4.408389392193548
 4.596802902397323
 4.780679923115173
 4.959838989927388
 5.134103294465165
 5.303300858899106
 5.467264705660587
 5.625833022228447
 5.778849320818419
 5.926162592817677
 6.067627457812106
 6.203104307059213
 6.332459441265113
 6.455565202529577
 6.572300100328976
 6.682548931412758
 6.786202893495147
 6.883159692629858
 6.973323644161886
 7.056605767156691
 7.132923872213651
 7.202202642577074
 7.264373708464733
 7.319375714540605
 7.367154380465165
 7.407662554463533
 7.440860259858584
 7.4667147345231
 7.485200463212037
 7.496299202742987
 7.5
 7.496299202742987
 7.485200463212037
 7.4667147345231
 7.440860259858583
 7.407662554463533
 7.367154380465165
 7.319375714540605
 7.264373708464734
 7.202202642577073
 7.132923872213651
 7.056605767156691
 6.973323644161885
 6.883159692629858
 6.786202893495146
 6.682548931412759
 6.572300100328976
 6.455565202529577
 6.332459441265114
 6.203104307059213
 6.067627457812106
 5.926162592817677
 5.778849320818419
 5.625833022228448
 5.467264705660586
 5.303300858899107
 5.134103294465164
 4.959838989927388
 4.780679923115174
 4.596802902397322
 4.408389392193549
 4.215625333890981
 4.018700962342471
 3.817810618127783
 3.613152555762864
 3.404928748046598
 3.193344686738044
 2.978609179760855
 2.760934145135083
 2.540534401839685
 2.317627457812106
 2.092433295294218
 1.865174153736411
 1.636074310474071
 1.405359859392934
 1.173258487801732
 0.939999251732284
 0.7058123498888577
 0.4709288964698519
 0.2355806930859618
 0
 0.4709288964698503
 0.9399992517322819
 1.405359859392934
 1.865174153736411
 2.317627457812105
 2.760934145135084
 3.193344686738045
 3.613152555762865
 4.018700962342475
 4.408389392193548
 4.780679923115173
 5.134103294465165
 5.467264705660587
 5.778849320818419
 6.067627457812106
 6.332459441265113
 6.572300100328976
 6.786202893495147
 6.973323644161886
 7.132923872213651
 7.264373708464733
 7.367154380465165
 7.440860259858584
 7.485200463212037
 7.5
 7.485200463212037
 7.440860259858583
 7.367154380465165
 7.264373708464734
 7.132923872213651
 6.973323644161885
 6.786202893495146
 6.572300100328976
 6.332459441265114
 6.067627457812106
 5.778849320818419
 5.467264705660586
 5.134103294465164
 4.780679923115174
 4.408389392193549
 4.018700962342471
 3.613152555762864
 3.193344686738044
 2.760934145135083
 2.317627457812106
 1.865174153736411
 1.405359859392934
 0.939999251732284
 0.4709288964698519
 9.18485099360515e-16
 -0.4709288964698533
 -0.9399992517322822
 -1.405359859392936
 -1.865174153736413
 -2.317627457812105
 -2.760934145135084
 -3.193344686738045
 -3.613152555762862
 -4.018700962342473
 -4.40838939219355
 -4.780679923115175
 -5.134103294465166
 -5.467264705660587
 -5.77884932081842
 -6.067627457812105
 -6.332459441265115
 -6.572300100328976
 -6.786202893495145
 -6.973323644161886
 -7.132923872213651
 -7.264373708464734
 -7.367154380465165
 -7.440860259858583
 -7.485200463212037
 -7.5
 -7.485200463212037
 -7.440860259858584
 -7.367154380465165
 -7.264373708464733
 -7.132923872213652
 -6.973323644161887
 -6.786202893495144
 -6.572300100328976
 -6.332459441265113
 -6.067627457812103
 -5.778849320818418
 -5.467264705660587
 -5.134103294465162
 -4.780679923115172
 -4.40838939219355
 -4.018700962342472
 -3.613152555762865
 -3.193344686738047
 -2.760934145135084
 -2.317627457812107
 -1.865174153736415
 -1.405359859392935
 -0.9399992517322848
 -0.4709288964698495








